 [0,0],
 [1,0],
 [1,1],
 [2,0],
 [2,1],
 [2,2],
 [2,3],
 [2,4],
 [2,7],
 [2,8],
 [2,9],
 [2,10],
 [2,11],
 [2,12],
 [2,13],
 [2,14],
 [2,15],
 [2,16],
 [2,17],
 [2,18],
 [2,19],
 [2,20],
 [2,21],
 [3,0],
 [3,1],
 [3,2],
 [3,3],
 [3,4],
 [3,5],
 [3,6],
 [3,7],
 [3,8],
 [3,9],
 [3,10],
 [3,11],
 [3,12],
 [3,13],
 [3,14],
 [3,15],
 [3,16],
 [3,17],
 [3,18],
 [3,19],
 [3,20],
 [3,21],
 [3,22],
 [3,23],
 [4,0],
 [4,1],
 [4,2],
 [4,3],
 [4,4],
 [4,5],
 [4,6],
 [4,7],
 [4,8],
 [4,9],
 [4,10],
 [4,11],
 [4,12],
 [4,13],
 [4,14],
 [4,15],
 [4,16],
 [4,17],
 [4,18],
 [4,19],
 [4,20],
 [4,21],
 [4,22],
 [4,23],
 [5,1],
 [5,2],
 [5,3],
 [5,4],
 [5,5],
 [5,6],
 [5,7],
 [5,8],
 [5,9],
 [5,10],
 [5,11],
 [5,12],
 [5,13],
 [5,14],
 [5,15],
 [5,16],
 [5,17],
 [5,18],
 [5,19],
 [5,20],
 [5,21],
 [5,22],
 [5,24],
 [6,1],
 [6,2],
 [6,3],
 [6,4],
 [6,5],
 [6,6],
 [6,7],
 [6,8],
 [6,9],
 [6,10],
 [6,11],
 [6,12],
 [6,13],
 [6,14],
 [6,18],
 [6,19],
 [6,20],
 [6,21],
 [6,23],
 [6,30],
 [6,31],
 [6,32],
 [7,2],
 [7,3],
 [7,4],
 [7,5],
 [7,6],
 [7,7],
 [7,8],
 [7,9],
 [7,10],
 [7,17],
 [7,18],
 [7,19],
 [7,20],
 [7,22],
 [7,28],
 [7,29],
 [7,30],
 [7,31],
 [7,32],
 [7,33],
 [7,34],
 [8,3],
 [8,4],
 [8,5],
 [8,6],
 [8,15],
 [8,16],
 [8,17],
 [8,18],
 [8,19],
 [8,21],
 [8,26],
 [8,27],
 [8,28],
 [8,29],
 [8,30],
 [8,31],
 [8,32],
 [8,33],
 [8,34],
 [8,35],
 [8,36],
 [9,14],
 [9,15],
 [9,16],
 [9,17],
 [9,18],
 [9,20],
 [9,24],
 [9,25],
 [9,26],
 [9,27],
 [9,28],
 [9,30],
 [9,31],
 [9,32],
 [9,34],
 [9,35],
 [9,36],
 [9,37],
 [9,38],
 [10,13],
 [10,14],
 [10,15],
 [10,16],
 [10,17],
 [10,19],
 [10,23],
 [10,24],
 [10,25],
 [10,26],
 [10,29],
 [10,30],
 [10,31],
 [10,32],
 [10,33],
 [10,36],
 [10,37],
 [10,38],
 [10,39],
 [11,12],
 [11,13],
 [11,14],
 [11,15],
 [11,16],
 [11,18],
 [11,23],
 [11,24],
 [11,27],
 [11,28],
 [11,29],
 [11,30],
 [11,31],
 [11,32],
 [11,33],
 [11,34],
 [11,35],
 [11,38],
 [11,39],
 [12,11],
 [12,12],
 [12,13],
 [12,14],
 [12,15],
 [12,18],
 [12,22],
 [12,23],
 [12,26],
 [12,27],
 [12,28],
 [12,29],
 [12,33],
 [12,34],
 [12,35],
 [12,36],
 [12,38],
 [12,39],
 [12,40],
 [13,10],
 [13,11],
 [13,12],
 [13,13],
 [13,14],
 [13,15],
 [13,17],
 [13,21],
 [13,22],
 [13,23],
 [13,25],
 [13,26],
 [13,27],
 [13,31],
 [13,35],
 [13,36],
 [13,37],
 [13,39],
 [13,40],
 [14,9],
 [14,10],
 [14,11],
 [14,12],
 [14,13],
 [14,14],
 [14,16],
 [14,17],
 [14,21],
 [14,22],
 [14,25],
 [14,26],
 [14,30],
 [14,31],
 [14,36],
 [14,37],
 [14,40],
 [14,41],
 [15,9],
 [15,10],
 [15,11],
 [15,12],
 [15,13],
 [15,16],
 [15,21],
 [15,22],
 [15,24],
 [15,25],
 [15,29],
 [15,30],
 [15,31],
 [15,32],
 [15,33],
 [15,36],
 [15,37],
 [15,38],
 [15,40],
 [15,41],
 [16,8],
 [16,9],
 [16,10],
 [16,11],
 [16,12],
 [16,13],
 [16,15],
 [16,21],
 [16,22],
 [16,24],
 [16,25],
 [16,31],
 [16,37],
 [16,38],
 [16,40],
 [16,41],
 [17,7],
 [17,8],
 [17,9],
 [17,10],
 [17,11],
 [17,12],
 [17,15],
 [17,21],
 [17,22],
 [17,23],
 [17,24],
 [17,25],
 [17,26],
 [17,27],
 [17,28],
 [17,29],
 [17,30],
 [17,31],
 [17,32],
 [17,33],
 [17,34],
 [17,35],
 [17,36],
 [17,37],
 [17,38],
 [17,39],
 [17,40],
 [17,41],
 [18,7],
 [18,8],
 [18,9],
 [18,10],
 [18,11],
 [18,12],
 [18,14],
 [18,21],
 [18,22],
 [18,23],
 [18,24],
 [18,25],
 [18,26],
 [18,27],
 [18,28],
 [18,29],
 [18,30],
 [18,31],
 [18,32],
 [18,33],
 [18,34],
 [18,35],
 [18,36],
 [18,37],
 [18,38],
 [18,39],
 [18,40],
 [18,41],
 [19,6],
 [19,7],
 [19,8],
 [19,9],
 [19,10],
 [19,11],
 [19,12],
 [19,14],
 [19,31],
 [20,6],
 [20,7],
 [20,8],
 [20,9],
 [20,10],
 [20,11],
 [20,14],
 [20,21],
 [20,22],
 [20,25],
 [20,26],
 [20,28],
 [20,30],
 [20,32],
 [20,33],
 [20,34],
 [20,36],
 [20,37],
 [20,40],
 [20,41],
 [21,5],
 [21,6],
 [21,7],
 [21,8],
 [21,9],
 [21,10],
 [21,11],
 [21,13],
 [21,21],
 [21,22],
 [21,23],
 [21,25],
 [21,26],
 [21,27],
 [21,28],
 [21,29],
 [21,30],
 [21,31],
 [21,33],
 [21,35],
 [21,36],
 [21,37],
 [21,39],
 [21,40],
 [22,5],
 [22,6],
 [22,7],
 [22,8],
 [22,9],
 [22,10],
 [22,11],
 [22,13],
 [22,22],
 [22,23],
 [22,26],
 [22,27],
 [22,28],
 [22,34],
 [22,35],
 [22,36],
 [22,39],
 [22,40],
 [23,4],
 [23,5],
 [23,6],
 [23,7],
 [23,8],
 [23,9],
 [23,10],
 [23,13],
 [23,22],
 [23,23],
 [23,24],
 [23,27],
 [23,28],
 [23,29],
 [23,30],
 [23,31],
 [23,32],
 [23,33],
 [23,34],
 [23,35],
 [23,38],
 [23,39],
 [24,4],
 [24,5],
 [24,6],
 [24,7],
 [24,8],
 [24,9],
 [24,10],
 [24,12],
 [24,13],
 [24,23],
 [24,24],
 [24,25],
 [24,29],
 [24,30],
 [24,31],
 [24,32],
 [24,33],
 [24,37],
 [24,38],
 [24,39],
 [25,4],
 [25,5],
 [25,6],
 [25,7],
 [25,8],
 [25,9],
 [25,10],
 [25,12],
 [25,24],
 [25,25],
 [25,26],
 [25,27],
 [25,30],
 [25,31],
 [25,32],
 [25,35],
 [25,36],
 [25,37],
 [25,38],
 [26,3],
 [26,4],
 [26,5],
 [26,6],
 [26,7],
 [26,8],
 [26,9],
 [26,10],
 [26,12],
 [26,26],
 [26,27],
 [26,28],
 [26,29],
 [26,30],
 [26,31],
 [26,32],
 [26,33],
 [26,34],
 [26,35],
 [26,36],
 [27,3],
 [27,4],
 [27,5],
 [27,6],
 [27,7],
 [27,8],
 [27,20],
 [27,28],
 [27,29],
 [27,30],
 [27,31],
 [27,32],
 [27,33],
 [27,34],
 [28,3],
 [28,4],
 [28,5],
 [28,19],
 [28,20],
 [28,21],
 [29,3],
 [29,19],
 [29,20],
 [29,21],
 [30,19],
 [30,20],
 [31,14],
 [31,15],
 [31,16],
 [31,17],
 [31,18],
 [31,19],
 [31,20],
 [31,22],
 [31,23],
 [31,24],
 [31,25],
 [31,26],
 [31,27],
 [32,0],
 [32,1],
 [32,2],
 [32,3],
 [32,11],
 [32,12],
 [32,13],
 [32,14],
 [32,15],
 [32,16],
 [32,17],
 [32,18],
 [32,20],
 [32,21],
 [32,22],
 [32,23],
 [32,24],
 [32,25],
 [32,26],
 [32,27],
 [32,28],
 [32,29],
 [32,30],
 [32,37],
 [32,38],
 [32,39],
 [32,40],
 [32,41],
 [33,0],
 [33,1],
 [33,2],
 [33,3],
 [33,4],
 [33,5],
 [33,6],
 [33,7],
 [33,8],
 [33,9],
 [33,10],
 [33,11],
 [33,12],
 [33,13],
 [33,14],
 [33,15],
 [33,16],
 [33,17],
 [33,19],
 [33,20],
 [33,21],
 [33,23],
 [33,24],
 [33,25],
 [33,26],
 [33,27],
 [33,28],
 [33,29],
 [33,30],
 [33,31],
 [33,32],
 [33,33],
 [33,34],
 [33,35],
 [33,36],
 [33,37],
 [33,38],
 [33,39],
 [33,40],
 [33,41],
 [34,0],
 [34,1],
 [34,2],
 [34,3],
 [34,4],
 [34,5],
 [34,6],
 [34,7],
 [34,8],
 [34,9],
 [34,10],
 [34,11],
 [34,12],
 [34,13],
 [34,14],
 [34,15],
 [34,16],
 [34,17],
 [34,19],
 [34,20],
 [34,21],
 [34,23],
 [34,24],
 [34,25],
 [34,26],
 [34,27],
 [34,28],
 [34,29],
 [34,30],
 [34,31],
 [34,32],
 [34,33],
 [34,34],
 [34,35],
 [34,36],
 [34,37],
 [34,38],
 [34,39],
 [34,40],
 [34,41],
 [35,0],
 [35,1],
 [35,2],
 [35,3],
 [35,4],
 [35,5],
 [35,6],
 [35,7],
 [35,8],
 [35,9],
 [35,10],
 [35,11],
 [35,12],
 [35,13],
 [35,14],
 [35,15],
 [35,16],
 [35,17],
 [35,19],
 [35,20],
 [35,21],
 [35,23],
 [35,24],
 [35,25],
 [35,26],
 [35,27],
 [35,28],
 [35,29],
 [35,30],
 [35,31],
 [35,32],
 [35,33],
 [35,34],
 [35,35],
 [35,36],
 [35,37],
 [35,38],
 [35,39],
 [35,40],
 [35,41],
 [36,0],
 [36,1],
 [36,2],
 [36,3],
 [36,4],
 [36,5],
 [36,6],
 [36,7],
 [36,8],
 [36,9],
 [36,10],
 [36,11],
 [36,12],
 [36,13],
 [36,14],
 [36,15],
 [36,16],
 [36,17],
 [36,19],
 [36,20],
 [36,21],
 [36,23],
 [36,24],
 [36,25],
 [36,26],
 [36,27],
 [36,28],
 [36,29],
 [36,30],
 [36,31],
 [36,32],
 [36,33],
 [36,34],
 [36,35],
 [36,36],
 [36,37],
 [36,38],
 [36,39],
 [36,40],
 [36,41],
 [38,1],
 [38,4],
 [38,5],
 [38,6],
 [38,8],
 [38,10],
 [38,13],
 [38,14],
 [38,15],
 [38,26],
 [38,27],
 [38,28],
 [38,31],
 [38,32],
 [38,33],
 [38,35],
 [38,38],
 [38,39],
 [38,40],
 [39,1],
 [39,4],
 [39,6],
 [39,8],
 [39,10],
 [39,13],
 [39,15],
 [39,18],
 [39,19],
 [39,20],
 [39,21],
 [39,22],
 [39,23],
 [39,28],
 [39,31],
 [39,33],
 [39,35],
 [39,38],
 [39,40],
 [40,1],
 [40,4],
 [40,5],
 [40,6],
 [40,8],
 [40,9],
 [40,10],
 [40,11],
 [40,13],
 [40,14],
 [40,15],
 [40,26],
 [40,27],
 [40,28],
 [40,31],
 [40,33],
 [40,35],
 [40,38],
 [40,39],
 [40,40],
 [41,1],
 [41,6],
 [41,10],
 [41,15],
 [41,26],
 [41,31],
 [41,33],
 [41,35],
 [41,40],
 [42,1],
 [42,4],
 [42,5],
 [42,6],
 [42,10],
 [42,13],
 [42,14],
 [42,15],
 [42,26],
 [42,27],
 [42,28],
 [42,31],
 [42,32],
 [42,33],
 [42,35],
 [42,38],
 [42,39],
 [42,40],
 [44,3],
 [44,8],
 [44,11],
 [44,15],
 [44,16],
 [44,17],
 [44,18],
 [44,19],
 [44,22],
 [44,23],
 [44,24],
 [44,25],
 [44,26],
 [44,31],
 [44,37],
 [44,38],
 [44,40],
 [45,1],
 [45,2],
 [45,3],
 [45,4],
 [45,5],
 [45,9],
 [45,10],
 [45,11],
 [45,12],
 [45,16],
 [45,17],
 [45,18],
 [45,19],
 [45,24],
 [45,29],
 [45,30],
 [45,31],
 [45,32],
 [45,33],
 [45,36],
 [45,37],
 [45,38],
 [45,39],
 [45,40],
 [46,3],
 [46,8],
 [46,9],
 [46,10],
 [46,11],
 [46,12],
 [46,15],
 [46,16],
 [46,17],
 [46,18],
 [46,19],
 [46,24],
 [46,31],
 [46,36],
 [46,37],
 [46,38],
 [46,39],
 [46,40],
 [47,2],
 [47,3],
 [47,4],
 [47,9],
 [47,11],
 [47,16],
 [47,18],
 [47,24],
 [47,30],
 [47,31],
 [47,32],
 [47,36],
 [47,38],
 [47,40],
 [48,1],
 [48,5],
 [48,8],
 [48,9],
 [48,10],
 [48,11],
 [48,12],
 [48,15],
 [48,16],
 [48,17],
 [48,18],
 [48,19],
 [48,22],
 [48,23],
 [48,24],
 [48,25],
 [48,26],
 [48,29],
 [48,30],
 [48,32],
 [48,33],
 [48,37],
 [48,38],
 [51,24],
 [51,38],
 [52,3],
 [52,10],
 [52,15],
 [52,16],
 [52,17],
 [52,18],
 [52,19],
 [52,23],
 [52,24],
 [52,25],
 [52,26],
 [52,29],
 [52,32],
 [52,36],
 [52,37],
 [52,38],
 [52,39],
 [52,40],
 [53,1],
 [53,2],
 [53,3],
 [53,4],
 [53,5],
 [53,10],
 [53,15],
 [53,17],
 [53,19],
 [53,22],
 [53,23],
 [53,24],
 [53,25],
 [53,28],
 [53,29],
 [53,30],
 [53,31],
 [53,32],
 [53,33],
 [53,36],
 [53,38],
 [54,3],
 [54,8],
 [54,9],
 [54,10],
 [54,11],
 [54,12],
 [54,15],
 [54,16],
 [54,18],
 [54,19],
 [54,23],
 [54,29],
 [54,30],
 [54,31],
 [54,33],
 [54,36],
 [54,37],
 [54,38],
 [54,39],
 [54,40],
 [55,3],
 [55,5],
 [55,10],
 [55,15],
 [55,16],
 [55,17],
 [55,18],
 [55,19],
 [55,22],
 [55,23],
 [55,24],
 [55,25],
 [55,26],
 [55,28],
 [55,29],
 [55,32],
 [55,36],
 [55,38],
 [55,39],
 [56,3],
 [56,4],
 [56,5],
 [56,10],
 [56,15],
 [56,18],
 [56,19],
 [56,24],
 [56,29],
 [56,31],
 [56,33],
 [56,35],
 [56,37],
 [56,40],
 [58,0],
 [58,1],
 [58,2],
 [58,3],
 [58,4],
 [58,5],
 [58,6],
 [58,7],
 [58,8],
 [58,9],
 [58,10],
 [58,11],
 [58,12],
 [58,13],
 [58,14],
 [58,15],
 [58,16],
 [58,17],
 [58,18],
 [58,19],
 [58,20],
 [58,21],
 [58,22],
 [58,23],
 [58,24],
 [58,25],
 [58,26],
 [58,27],
 [58,28],
 [58,29],
 [58,30],
 [58,31],
 [58,32],
 [58,33],
 [58,34],
 [58,35],
 [58,36],
 [58,37],
 [58,38],
 [58,39],
 [58,40],
 [58,41],
 [60,0],
 [60,1],
 [60,2],
 [60,3],
 [60,4],
 [60,5],
 [60,6],
 [60,7],
 [60,8],
 [60,9],
 [60,10],
 [60,11],
 [60,12],
 [60,13],
 [60,14],
 [60,15],
 [60,16],
 [60,17],
 [60,18],
 [60,19],
 [60,20],
 [60,21],
 [60,22],
 [60,23],
 [60,24],
 [60,25],
 [60,26],
 [60,27],
 [60,28],
 [60,29],
 [60,30],
 [60,31],
 [60,32],
 [60,33],
 [60,34],
 [60,35],
 [60,36],
 [60,37],
 [60,38],
 [60,39],
 [60,40],
 [60,41],
 [61,0],
 [61,1],
 [61,2],
 [61,3],
 [61,4],
 [61,5],
 [61,6],
 [61,7],
 [61,8],
 [61,9],
 [61,10],
 [61,11],
 [61,12],
 [61,13],
 [61,14],
 [61,15],
 [61,16],
 [61,17],
 [61,18],
 [61,19],
 [61,20],
 [61,21],
 [61,22],
 [61,23],
 [61,24],
 [61,25],
 [61,26],
 [61,27],
 [61,28],
 [61,29],
 [61,30],
 [61,31],
 [61,32],
 [61,33],
 [61,34],
 [61,35],
 [61,36],
 [61,37],
 [61,38],
 [61,39],
 [61,40],
 [61,41],